w1 = 6.25;
w2 = 17.53;
b1 = 0.1224;
b2 = 0.0826;
beq = (b1*b2)/(b1+b2)
weq = (w1*b2+w2*b1)/(b1+b2)